restype,fir
fs,320000.0
gain,2.0
wintype,0
filttype,lpf
pbend,50000.0
sbstart,60000.0
atten,40.0
ntaps,59
taps,-0.0003421629953663796,0.0013277602847665548,0.002095964504405856,0.0009739508968777955,-0.0017309903632849455,-0.003863560501486063,-0.0026690654922276735,0.0022786534391343594,0.0071918112225830555,0.00633555231615901,-0.0021185814402997494,-0.012065364979207516,-0.012965020723640919,4.419141946776361e-17,0.018153013661503792,0.023701032623648643,0.005862229969352484,-0.02484070509672165,-0.04026300087571144,-0.018380656838417053,0.03132450208067894,0.06658164411783218,0.04409981891512871,-0.03674677014350891,-0.11650052666664124,-0.10761237144470215,0.04034913703799248,0.29053255915641785,0.5272044539451599,0.6241734027862549,0.5272044539451599,0.29053255915641785,0.04034913703799248,-0.10761237144470215,-0.11650052666664124,-0.03674677014350891,0.04409981891512871,0.06658164411783218,0.03132450208067894,-0.018380656838417053,-0.04026300087571144,-0.02484070509672165,0.005862229969352484,0.023701032623648643,0.018153013661503792,4.419141946776361e-17,-0.012965020723640919,-0.012065364979207516,-0.0021185814402997494,0.00633555231615901,0.0071918112225830555,0.0022786534391343594,-0.0026690654922276735,-0.003863560501486063,-0.0017309903632849455,0.0009739508968777955,0.002095964504405856,0.0013277602847665548,-0.0003421629953663796
